tree
version=v4
num_class=1
num_tree_per_iteration=1
label_index=0
max_feature_idx=4
objective=regression
feature_names=星期幾 時段 診間代碼 科別名稱 報到序號
feature_infos=[1:5] [0:1] [0:1] none [1:500]
tree_sizes=2565 391 2582 2598 2586 2600 2603 2600 2597 2612 2595 2598 395 2596 2605 2589 389 2591 2612 2601 390 2636 2630 2642 393 2637 2638 395 2655 2648 2643

Tree=0
num_leaves=31
num_cat=0
split_feature=1 4 4 4 4 4 4 4 4 4 4 4 4 4 4 4 4 4 4 4 4 4 4 4 4 4 4 4 4 4
split_gain=2.00543e+07 968317 265447 177804 57323.3 33260.2 23121 47290.8 38951 18171.3 11038.6 10690.3 9318.23 9260.41 8357.54 7180.64 17732.3 11446.8 8328.06 6902.3 8833.8 5949.04 5686.08 5650.55 5108.64 10012.2 8827.56 9098.27 6189.11 4159.1
threshold=1.0000000180025095e-35 99.500000000000014 88.500000000000014 39.500000000000007 11.500000000000002 115.50000000000001 94.500000000000014 76.500000000000014 83.500000000000014 175.50000000000003 169.50000000000003 182.00000000000003 50.500000000000007 59.500000000000007 170.50000000000003 150.50000000000003 127.50000000000001 116.50000000000001 109.50000000000001 79.500000000000014 31.500000000000004 136.50000000000003 99.500000000000014 95.500000000000014 149.50000000000003 126.50000000000001 136.50000000000003 142.00000000000003 165.50000000000003 24.500000000000004
decision_type=2 2 2 2 2 2 2 2 2 2 2 2 2 2 2 2 2 2 2 2 2 2 2 2 2 2 2 2 2 2
left_child=1 3 19 4 -1 22 7 12 -9 14 15 -12 -5 -14 24 16 17 18 -3 20 -2 -18 23 -4 25 -7 -27 -28 -26 -6
right_child=2 10 5 6 29 9 -8 8 -10 -11 11 -13 13 -15 -16 -17 21 -19 -20 -21 -22 -23 -24 -25 28 26 27 -29 -30 -31
leaf_value=656.38589444987201 672.53585778978425 643.71695516112823 670.90708195468619 647.42864799696588 652.58972286798473 668.71452172327417 651.47182118699607 642.56003443279246 648.05008317054546 667.72640127065938 640.2939050789513 643.14784145915598 651.08457698591587 648.92514380455304 671.4647464195159 643.77776210505147 640.48401757321767 644.88880498696562 641.46099232552831 672.97216705700987 674.75636479121431 642.1882514773755 671.55302736300609 668.94649298410854 668.37968534550487 671.33343095590965 668.34295739284266 670.56180961124767 669.93279371182609 651.2769267440043
leaf_weight=39 21 36 49 25 43 64 22 24 28 67 35 21 29 63 21 70 33 37 30 42 122 54 80 21 79 47 33 42 38 55
leaf_count=39 21 36 49 25 43 64 22 24 28 67 35 21 29 63 21 70 33 37 30 42 122 54 80 21 79 47 33 42 38 55
internal_value=659.484 646.588 670.829 650.394 653.143 669.711 648.422 648.025 645.516 669.226 642.638 641.364 649.141 649.606 669.536 642.912 642.593 643.481 642.692 674.099 674.43 641.542 670.977 670.319 669.402 669.727 670.259 669.586 668.884 651.853
internal_weight=0 644 726 328 137 541 191 169 52 391 316 56 117 92 324 260 190 103 66 185 143 87 150 70 303 186 122 75 117 98
internal_count=1370 644 726 328 137 541 191 169 52 391 316 56 117 92 324 260 190 103 66 185 143 87 150 70 303 186 122 75 117 98
is_linear=0
shrinkage=1


Tree=1
num_leaves=3
num_cat=0
split_feature=0 0
split_gain=1.6244e+07 1912.24
threshold=2.0000000000000004 4.0000000000000009
decision_type=2 2
left_child=-1 -2
right_child=1 -3
leaf_value=-11.60598296654752 10.395899891853333 10.068555781812202
leaf_weight=644 316 410
leaf_count=644 316 410
internal_value=0 10.211
internal_weight=0 726
internal_count=1370 726
is_linear=0
shrinkage=0.1


Tree=2
num_leaves=31
num_cat=0
split_feature=0 4 4 4 4 4 4 4 4 4 4 4 4 4 4 4 4 4 4 4 4 4 4 4 4 4 4 4 0 4
split_gain=1.31576e+07 784337 216183 144021 46784.5 22693.7 18747.1 69476.8 13313.6 10667.4 8941.3 8659.11 7912.69 7547.76 7880.76 6765.45 6625.06 5816.32 14363.2 9271.87 6842.13 4818.72 4319.93 9585.57 7504.22 7875.84 6255.31 3145.17 3817 3038.97
threshold=2.0000000000000004 99.500000000000014 90.500000000000014 39.500000000000007 13.500000000000002 175.50000000000003 87.500000000000014 76.500000000000014 115.50000000000001 82.000000000000014 169.50000000000003 182.00000000000003 99.500000000000014 50.500000000000007 62.000000000000007 170.50000000000003 31.500000000000004 150.50000000000003 127.50000000000001 116.50000000000001 107.50000000000001 136.50000000000003 152.00000000000003 156.50000000000003 126.50000000000001 136.50000000000003 142.00000000000003 63.500000000000007 4.0000000000000009 147.50000000000003
decision_type=2 2 2 2 2 2 2 2 2 2 2 2 2 2 2 2 2 2 2 2 2 2 2 2 2 2 2 2 2 2
left_child=1 3 9 4 -1 8 7 13 12 16 17 -12 -4 -5 -15 22 -2 18 19 20 -3 -20 24 -24 -10 -26 -27 -18 -29 -28
right_child=2 10 5 6 -6 -7 -8 -9 15 -11 11 -13 -14 14 -16 -17 27 -19 21 -21 -22 -23 23 -25 25 26 29 28 -30 -31
leaf_value=-2.0294517278671265 10.730682147684552 -12.76627632890429 8.2653057174300244 -9.688999874114991 -5.9028831471218162 6.3997981628375271 -6.8697310858964933 -13.283641637774076 7.285487984120846 10.685109064530353 -16.110268636431012 -13.541725594656809 9.8407570612430586 -6.6742664687335491 -8.5412748646277645 9.7604468936011912 13.177648537953695 -12.9747972542899 -15.939167219219787 -11.974858632643482 -14.826416010605662 -14.40535708003574 5.5804358316504441 7.8936678380142027 9.6453142003810157 6.9535289424838442 9.3988774529818837 13.058836746215821 11.5819669905163 7.9099998694199787
leaf_weight=48 21 28 53 25 89 67 40 34 64 49 35 21 80 40 52 21 60 70 33 37 38 54 23 81 47 33 29 30 42 26
leaf_count=48 21 28 53 25 89 67 40 34 64 49 35 21 80 40 52 21 60 70 33 37 38 54 23 81 47 33 29 30 42 26
internal_value=0 -10.4454 9.18993 -7.01996 -4.54577 8.11853 -8.79463 -9.30454 8.37051 11.9692 -14.0009 -15.1471 9.21295 -8.14822 -7.72953 8.0247 12.3805 -13.754 -14.0411 -13.242 -13.9524 -14.9871 7.9044 7.38209 8.17736 8.60018 8.04198 12.6429 12.1973 8.69504
internal_weight=0 644 726 328 137 524 191 151 457 202 316 56 133 117 92 324 153 260 190 103 66 87 303 104 199 135 88 132 72 55
internal_count=1370 644 726 328 137 524 191 151 457 202 316 56 133 117 92 324 153 260 190 103 66 87 303 104 199 135 88 132 72 55
is_linear=0
shrinkage=0.1


Tree=3
num_leaves=31
num_cat=0
split_feature=1 4 4 4 4 4 4 4 4 4 4 4 4 4 4 4 4 4 4 4 4 4 4 4 4 4 4 4 4 4
split_gain=1.06577e+07 635313 175108 116657 38769.8 18381.9 16193.1 31764.8 26504.3 10784 8640.57 7242.45 7013.87 6409.28 6113.69 6383.41 5480.01 5366.3 4711.22 11634.2 7510.21 5723.02 3903.17 3499.14 7764.31 6078.42 6379.43 5066.8 2922.41 4874.37
threshold=1.0000000180025095e-35 99.500000000000014 90.500000000000014 39.500000000000007 11.500000000000002 175.50000000000003 94.500000000000014 76.500000000000014 83.500000000000014 115.50000000000001 82.000000000000014 169.50000000000003 182.00000000000003 99.500000000000014 50.500000000000007 62.000000000000007 170.50000000000003 31.500000000000004 150.50000000000003 127.50000000000001 116.50000000000001 109.50000000000001 136.50000000000003 152.00000000000003 156.50000000000003 126.50000000000001 136.50000000000003 142.00000000000003 24.500000000000004 30.500000000000004
decision_type=2 2 2 2 2 2 2 2 2 2 2 2 2 2 2 2 2 2 2 2 2 2 2 2 2 2 2 2 2 2
left_child=1 3 10 4 -1 9 7 14 -9 13 17 18 -13 -4 -5 -16 23 -2 19 20 21 -3 -21 25 -25 -11 -27 -28 -6 -30
right_child=2 11 5 6 28 -7 -8 8 -10 16 -12 12 -14 -15 15 -17 -18 -19 -20 22 -22 -23 -24 24 -26 26 27 -29 29 -31
leaf_value=-1.4245333062532621 9.6576139404660193 -11.707114934921265 7.438775043667488 -8.7201001815795909 -4.5348162906114444 5.7598183340101103 -5.3631711959838873 -12.742387771606445 -8.2136670717171256 6.5569391816854479 9.6165982655116498 -14.499241338457381 -12.187552951631092 8.8566811791062356 -6.0068398369848737 -7.6871473670005805 8.7844022115071621 11.378636256131259 -11.677317118644716 -14.34525075898026 -10.77737285253164 -13.57724833170573 -12.964820817885576 5.0223923724630604 7.1043011810308627 8.6807828010396761 6.2581761533563789 7.8255399912053889 -6.7882461371746929 -4.8666041865493312
leaf_weight=39 21 36 53 25 43 67 22 24 28 64 49 35 21 80 40 52 21 132 70 33 37 30 54 23 81 47 33 55 22 33
leaf_count=39 21 36 53 25 43 67 22 24 28 64 49 35 21 80 40 52 21 132 70 33 37 30 54 23 81 47 33 55 22 33
internal_value=0 -9.40085 8.27094 -6.31796 -4.09119 7.30668 -7.91517 -8.24738 -10.3038 7.53346 10.7723 -12.6008 -13.6324 8.29165 -7.3334 -6.95658 7.22223 11.1424 -12.3786 -12.637 -11.9178 -12.5572 -13.4884 7.11396 6.64388 7.35963 7.74016 7.23778 -5.15241 -5.63526
internal_weight=0 644 726 328 137 524 191 169 52 457 202 316 56 133 117 92 324 153 260 190 103 66 87 303 104 199 135 88 98 55
internal_count=1370 644 726 328 137 524 191 169 52 457 202 316 56 133 117 92 324 153 260 190 103 66 87 303 104 199 135 88 98 55
is_linear=0
shrinkage=0.1


Tree=4
num_leaves=31
num_cat=0
split_feature=0 4 4 4 4 4 4 4 4 4 4 4 4 4 4 4 4 0 4 4 4 4 4 4 4 4 4 4 0 4
split_gain=8.63272e+06 515735 142193 97245.5 29439.6 17372.9 10266.9 34089.9 18974.2 10121.4 8516.44 5603 5289.98 5681.24 4543.03 7687.96 7839.17 4113.43 3812.93 5069.88 3161.56 3115.87 2689.24 2520.57 8355.34 3832.05 4194.65 4104.11 3156.82 3114.21
threshold=2.0000000000000004 102.00000000000001 88.500000000000014 37.500000000000007 11.500000000000002 115.50000000000001 70.500000000000014 87.500000000000014 79.500000000000014 179.50000000000003 48.500000000000007 59.500000000000007 169.50000000000003 182.00000000000003 150.50000000000003 127.50000000000001 116.50000000000001 4.0000000000000009 78.500000000000014 33.500000000000007 136.50000000000003 104.50000000000001 109.50000000000001 126.50000000000001 136.50000000000003 165.50000000000003 152.00000000000003 142.00000000000003 4.0000000000000009 156.50000000000003
decision_type=2 2 2 2 2 2 2 2 2 2 2 2 2 2 2 2 2 2 2 2 2 2 2 2 2 2 2 2 2 2
left_child=1 3 18 4 -1 17 10 8 -8 23 -5 -12 14 -14 15 16 22 21 19 -2 -17 -4 -3 -7 -25 26 27 -26 -27 -28
right_child=2 12 5 6 -6 9 7 -9 -10 -11 11 -13 13 -15 -16 20 -18 -19 -20 -21 -22 -23 -24 24 25 28 29 -29 -30 -31
leaf_value=-1.2820799888708654 8.7658668186353594 -10.891399912680349 7.6301781730218368 -7.9540844043095902 -4.5714070971806846 5.9012453621253371 -7.9936337542533877 -5.8311969820658369 -11.912822740418571 4.9303257805960525 -4.9498339762006491 -6.6287918352562443 -13.049317542825428 -10.968797611054921 -10.509585898263115 -12.91072525255608 -9.6996356332624298 7.0698796703154789 9.1011797587076835 10.397137076575477 -11.668339097279089 9.0664499531621523 -12.219523251851401 7.8127045768372554 5.6323586882966943 7.5917723629925709 4.5201530539471175 7.0429859490828086 6.310211646556855 5.9617625513742141
leaf_weight=39 23 31 44 27 90 64 30 45 21 49 35 46 35 21 70 33 37 83 51 111 54 23 30 47 33 37 23 55 40 43
leaf_count=39 23 31 44 27 90 64 30 45 21 49 35 46 35 21 70 33 37 83 51 111 54 23 30 47 33 37 23 55 40 43
internal_value=0 -8.46076 7.44385 -5.72594 -3.57696 6.62546 -7.08486 -7.83731 -9.60742 6.27447 -6.41601 -5.90332 -11.389 -12.2691 -11.1958 -11.4554 -10.848 7.54037 9.83707 10.1171 -12.1396 8.12323 -11.5446 6.46705 6.59731 6.35002 6.06202 6.514 6.92603 5.45938
internal_weight=0 644 726 333 129 541 204 96 51 391 108 81 311 56 255 185 98 150 185 134 87 67 61 342 278 231 154 88 77 66
internal_count=1370 644 726 333 129 541 204 96 51 391 108 81 311 56 255 185 98 150 185 134 87 67 61 342 278 231 154 88 77 66
is_linear=0
shrinkage=0.1


Tree=5
num_leaves=31
num_cat=0
split_feature=0 4 4 4 4 4 4 4 4 4 4 4 4 4 4 4 4 4 4 4 4 4 4 4 4 4 0 4 4 4
split_gain=7.02133e+06 415980 96064.6 71069.3 38493.9 23037.8 10021.2 16289.7 20376.3 6486.62 6321.82 5313.37 5121.09 4887.46 3893.42 3700.65 5019.65 4389.93 4041.33 3556.07 4535.19 8891.57 2917.79 8962.25 2894.21 2868.69 2671.03 2456.48 2317.97 2106.69
threshold=2.0000000000000004 62.000000000000007 90.500000000000014 102.00000000000001 16.000000000000004 179.50000000000003 186.50000000000003 170.50000000000003 150.50000000000003 27.500000000000004 44.000000000000007 115.50000000000001 164.50000000000003 82.000000000000014 6.0000000000000009 108.50000000000001 116.50000000000001 126.50000000000001 133.50000000000003 49.500000000000007 58.500000000000007 66.500000000000014 79.500000000000014 87.500000000000014 38.500000000000007 76.500000000000014 4.0000000000000009 73.500000000000014 105.50000000000001 157.50000000000003
decision_type=2 2 2 2 2 2 2 2 2 2 2 2 2 2 2 2 2 2 2 2 2 2 2 2 2 2 2 2 2 2
left_child=1 4 13 22 14 11 7 8 15 -6 24 26 29 19 -1 -5 -17 -18 -19 -2 -21 -22 27 -24 -11 -23 -4 -3 -28 -10
right_child=2 3 5 6 9 -7 -8 -9 12 10 -12 -13 -14 -15 -16 16 17 18 -20 20 21 25 23 -25 -26 -27 28 -29 -30 -31
leaf_value=-2.7083184260129931 8.1791598896185569 -7.4882637143135078 7.3652102617117086 -9.5053400620170265 -3.6448857516878181 3.9352116184031711 -8.165817572853781 -12.470909835353043 -8.5969175512140463 -5.3792334874471033 -4.3133011885664683 6.0500041509332831 -7.5989287761541524 7.7485410573227078 -1.0743735159294947 -11.959609872644599 -9.6415674785772971 -11.919002897574984 -10.477290074704058 10.394186569213868 7.1359577959234066 10.111629497643674 -9.3693333139786343 -6.9724531390728091 -6.8795848464965816 8.7217444101969406 5.9720327680761169 -6.2537895485206896 7.135931178501675 -9.9045792988368451
leaf_weight=25 48 40 52 23 36 47 22 33 22 36 44 326 26 49 35 33 36 29 59 25 22 33 26 39 20 27 44 27 28 28
leaf_count=25 48 40 52 23 36 47 22 33 22 36 44 326 26 49 35 33 36 29 59 25 22 33 26 39 20 27 44 27 28 28
internal_value=0 -7.70092 6.79189 -9.39803 -3.86508 6.0419 -10.2232 -10.3798 -10.1103 -4.79592 -5.21029 6.26193 -8.73727 8.61909 -1.75518 -10.69 -10.8635 -10.5718 -10.9524 8.8943 9.21511 8.85563 -7.45387 -7.93121 -5.91507 9.48618 6.81908 -6.99079 6.42466 -9.32921
internal_weight=0 639 701 443 196 497 311 289 256 136 100 450 76 204 60 180 157 124 88 155 107 82 132 65 56 60 124 67 72 50
internal_count=1340 639 701 443 196 497 311 289 256 136 100 450 76 204 60 180 157 124 88 155 107 82 132 65 56 60 124 67 72 50
is_linear=0
shrinkage=0.1


Tree=6
num_leaves=31
num_cat=0
split_feature=1 4 4 4 4 4 4 4 4 4 4 4 4 4 4 4 4 4 4 4 4 4 4 4 2 4 4 4 4 4
split_gain=5.68728e+06 336944 77812.3 57577.9 31180.1 18660.6 9565.53 10458.6 19816.4 5254.16 5122.31 4587.02 4303.83 4148.08 4068.69 4819.79 4445.36 7785.78 3707.43 4938.79 3207.32 3555.84 3273.48 3153.67 2163.53 1989.75 1877.56 1706.42 1593.76 1451.28
threshold=1.0000000180025095e-35 62.000000000000007 90.500000000000014 106.50000000000001 16.000000000000004 179.50000000000003 150.50000000000003 170.50000000000003 186.50000000000003 27.500000000000004 48.500000000000007 39.500000000000007 115.50000000000001 164.50000000000003 78.500000000000014 66.500000000000014 58.500000000000007 50.500000000000007 79.500000000000014 87.500000000000014 116.50000000000001 126.50000000000001 133.50000000000003 6.0000000000000009 1.0000000180025095e-35 73.500000000000014 105.50000000000001 157.50000000000003 187.50000000000003 123.50000000000001
decision_type=2 2 2 2 2 2 2 2 2 2 2 2 2 2 2 2 2 2 2 2 2 2 2 2 2 2 2 2 2 2
left_child=1 4 14 18 23 12 20 13 -9 -6 11 -11 24 27 15 16 17 -2 25 -20 -5 -22 -23 -1 26 -3 -4 -8 -7 -14
right_child=2 3 5 6 9 28 7 8 -10 10 -12 -13 29 -15 -16 -17 -18 -19 19 -21 21 22 -24 -25 -26 -27 -28 -29 -30 -31
leaf_value=-2.4374864827394487 7.3876648022578308 -6.7394374927878378 5.3748294025659566 -10.534911083593602 -3.2803970740901103 2.9209342262961648 -7.7372257579456676 -11.223818715413412 -7.3492359226400197 -4.6133216601042522 -3.7349937131007516 -6.3957788684151389 4.9244480635808863 -6.8390356797438407 7.1114100326191299 8.9444512123285342 6.4223621108315214 9.6690639041718995 -8.432400074371925 -6.7548649191856391 -8.6774110105302604 -10.72710247039795 -9.4295610466245883 -0.9669362252099174 6.6286891427750776 -5.6284104798678998 6.4223379339490627 -8.9141212463378903 4.0879560606479641 5.5305236094444998
leaf_weight=25 52 40 44 41 36 22 22 33 22 42 36 22 46 26 66 43 22 21 26 54 36 29 59 35 52 27 28 28 25 280
leaf_count=25 52 40 44 41 36 22 22 33 22 42 36 22 46 26 66 43 22 21 26 54 36 29 59 35 52 27 28 28 25 280
internal_value=0 -6.93082 6.1127 -8.45823 -3.47857 5.43771 -9.26164 -8.62365 -9.67399 -4.31633 -4.68926 -5.22604 5.63574 -7.86354 7.75718 8.06603 7.66843 8.04396 -6.84047 -7.30006 -9.76817 -9.51465 -9.85716 -1.57967 6.13718 -6.29171 5.78219 -8.39629 3.54169 5.445
internal_weight=0 639 701 443 196 497 296 131 55 136 100 64 450 76 204 138 95 73 147 80 165 124 88 60 124 67 72 50 47 326
internal_count=1340 639 701 443 196 497 296 131 55 136 100 64 450 76 204 138 95 73 147 80 165 124 88 60 124 67 72 50 47 326
is_linear=0
shrinkage=0.1


Tree=7
num_leaves=31
num_cat=0
split_feature=1 4 4 4 4 4 4 4 4 4 4 4 4 4 4 4 4 4 4 4 4 4 4 4 4 4 4 4 2 4
split_gain=4.60669e+06 273744 63028 34656 34105.7 15115.1 6622.45 10606.2 13555.6 5271.56 3486.1 3333.15 3302.7 4541.2 2732.69 2554.47 2452.57 3867.02 5902.9 2202.56 4184.21 3022.62 2714.75 3675.59 2087.47 4905.94 1984.93 1976.39 1752.46 1520.82
threshold=1.0000000180025095e-35 69.500000000000014 90.500000000000014 102.00000000000001 27.500000000000004 179.50000000000003 186.50000000000003 170.50000000000003 154.50000000000003 16.000000000000004 115.50000000000001 82.000000000000014 62.000000000000007 44.000000000000007 164.50000000000003 6.0000000000000009 50.500000000000007 58.500000000000007 66.500000000000014 146.50000000000003 136.50000000000003 127.50000000000001 120.50000000000001 108.50000000000001 87.500000000000014 79.500000000000014 37.500000000000007 74.500000000000014 1.0000000180025095e-35 105.50000000000001
decision_type=2 2 2 2 2 2 2 2 2 2 2 2 2 2 2 2 2 2 2 2 2 2 2 2 2 2 2 2 2 2
left_child=1 4 11 24 9 10 7 8 19 15 28 16 13 26 -10 -1 -2 -18 -19 20 21 22 23 -5 25 -3 -6 -20 29 -4
right_child=2 3 5 6 12 -7 -8 -9 14 -11 -12 -13 -14 -15 -16 -17 17 18 27 -21 -22 -23 -24 -25 -26 -27 -28 -29 -30 -31
leaf_value=-2.1937378063201907 6.6488983213901527 -5.8157920348338594 4.8373465581373738 -7.7478397773659751 -4.3206392131294269 3.1875214962249108 -6.6143124623732135 -10.101437008019651 -7.4786595252844013 -2.9523573396934406 4.9005033606766197 6.262545937421371 -5.449079678739821 -3.4600937865674499 -6.1551321048002983 -0.87024252619062159 8.7021575201125376 5.7801258130507041 8.3741395111083996 -9.6140869331359866 -7.5795675654160348 -9.5519317971335518 -7.5811886405944824 -9.2802250252694503 -5.5997211431845644 -7.5891602864632235 -5.5308068156242376 7.2099936512538365 5.9658201254331154 5.7801044055393769
leaf_weight=25 52 39 44 23 33 47 22 33 39 36 326 49 28 44 26 35 21 22 25 20 38 36 25 49 39 26 23 35 52 28
leaf_count=25 52 39 44 23 33 47 22 33 39 36 326 49 28 44 26 35 21 22 25 20 38 36 25 49 39 26 23 35 52 28
internal_value=0 -6.23774 5.50143 -7.75837 -3.42051 4.89394 -8.28681 -8.41413 -8.19663 -1.9957 5.07216 6.98146 -4.48913 -4.22034 -6.94925 -1.4217 7.20874 7.49137 7.18129 -8.62113 -8.505 -8.7694 -8.47898 -8.79071 -6.17811 -6.52514 -4.81767 7.69505 5.52346 5.20397
internal_weight=0 639 701 415 224 497 311 289 256 96 450 204 128 100 65 60 155 103 82 191 171 133 97 72 104 65 56 60 124 72
internal_count=1340 639 701 415 224 497 311 289 256 96 450 204 128 100 65 60 155 103 82 191 171 133 97 72 104 65 56 60 124 72
is_linear=0
shrinkage=0.1


Tree=8
num_leaves=31
num_cat=0
split_feature=1 4 4 4 4 4 4 4 4 4 4 4 4 4 4 4 4 4 4 4 4 4 4 4 4 4 4 4 4 4
split_gain=3.73142e+06 221733 51059.4 28077.7 27625.6 12077.6 6697.89 7105.24 13001.5 4695.87 4790.03 3207.22 3350.2 3149.14 4923.1 2675.19 3678.37 2555.11 2545.54 2368.42 2690.2 1805.39 1799.99 1676.98 1674.91 1607.79 1460.37 2548.99 1796.68 1290.95
threshold=1.0000000180025095e-35 69.500000000000014 92.000000000000014 106.50000000000001 27.500000000000004 179.50000000000003 150.50000000000003 170.50000000000003 186.50000000000003 11.500000000000002 6.0000000000000009 78.500000000000014 67.500000000000014 59.500000000000007 52.000000000000007 62.000000000000007 44.000000000000007 164.50000000000003 115.50000000000001 122.00000000000001 138.50000000000003 96.500000000000014 143.50000000000003 17.500000000000004 157.50000000000003 37.500000000000007 89.500000000000014 98.500000000000014 83.500000000000014 187.50000000000003
decision_type=2 2 2 2 2 2 2 2 2 2 2 2 2 2 2 2 2 2 2 2 2 2 2 2 2 2 2 2 2 2
left_child=1 4 11 26 9 18 19 17 -9 10 -1 12 13 14 -2 16 25 24 21 -5 -21 -4 -22 -11 -8 -6 28 -28 -3 -7
right_child=2 3 5 6 15 29 7 8 -10 23 -12 -13 -14 -15 -16 -17 -18 -19 -20 20 22 -23 -24 -25 -26 -27 27 -29 -30 -31
leaf_value=-1.9743640747070312 5.9985786422243663 -5.7125873546600339 4.3112559668719772 -8.4038680143654343 -3.8885753342599578 2.3100886518305002 -6.108865759589456 -9.0912931211066965 -5.9528811357238078 -3.1384718440827868 0.10193721294403076 5.715250630759531 7.3097907161712641 5.1701797832142233 7.7505383719568677 -4.9041717188698906 -3.1140843689441682 -5.5396189749240881 4.4104530006098601 -7.2084083396880363 -8.9344831267744294 5.1910928629165483 -7.5928468313813218 -1.9733285586039226 -7.2748430246221165 -4.9777261754740847 -6.75502119505847 -5.3049524870785802 -4.5911258888244637 3.3604082679748539
leaf_weight=25 53 50 32 64 33 22 22 33 22 21 20 72 40 22 23 28 44 26 326 61 20 86 20 30 28 23 27 22 20 25
leaf_count=25 53 50 32 64 33 22 22 33 22 21 20 72 40 22 23 28 44 26 326 61 20 86 20 30 28 23 27 22 20 25
internal_value=0 -5.61397 4.95129 -6.98253 -3.07846 4.39314 -7.50407 -6.9702 -7.83593 -1.79613 -1.05156 6.25629 6.53857 6.22379 6.52878 -4.04021 -3.7983 -6.34369 4.55451 -7.92792 -7.62633 4.95249 -8.26366 -2.45309 -6.76181 -4.33591 -5.68526 -6.10397 -5.39217 2.86877
internal_weight=0 639 701 415 224 491 296 131 55 96 45 210 138 98 76 128 100 76 444 165 101 118 40 51 50 56 119 49 70 47
internal_count=1340 639 701 415 224 491 296 131 55 96 45 210 138 98 76 128 100 76 444 165 101 118 40 51 50 56 119 49 70 47
is_linear=0
shrinkage=0.1


Tree=9
num_leaves=31
num_cat=0
split_feature=1 4 4 4 4 4 4 4 4 4 4 4 4 4 4 4 4 2 4 4 4 4 4 4 4 2 4 4 4 4
split_gain=3.02245e+06 179604 41662.3 23381.1 22376.8 10319.3 4485.08 5755.25 10531.2 3909.54 2971.61 2166.9 2979.48 2069.64 2015.08 4302.52 1837.15 1380.84 1356.68 1323.98 1320.05 2646.03 2894.25 2558.96 1303.56 1193.29 1274.4 2830.37 1175.54 3226.46
threshold=1.0000000180025095e-35 69.500000000000014 88.500000000000014 102.00000000000001 27.500000000000004 179.50000000000003 150.50000000000003 170.50000000000003 186.50000000000003 16.000000000000004 115.50000000000001 62.000000000000007 44.000000000000007 164.50000000000003 87.500000000000014 79.500000000000014 6.0000000000000009 1.0000000180025095e-35 157.50000000000003 38.500000000000007 108.50000000000001 116.50000000000001 126.50000000000001 133.50000000000003 139.50000000000003 1.0000000180025095e-35 78.500000000000014 66.500000000000014 123.50000000000001 132.00000000000003
decision_type=2 2 2 2 2 2 2 2 2 2 2 2 2 2 2 2 2 2 2 2 2 2 2 2 2 2 2 2 2 2
left_child=1 4 25 14 9 10 20 13 -9 16 17 12 19 18 15 -3 -1 -4 -8 -6 -5 -22 -23 -24 -25 26 27 -2 -12 -30
right_child=2 3 5 6 11 -7 7 8 -10 -11 28 -13 -14 -15 -16 -17 -18 -19 -20 -21 21 22 23 24 -26 -27 -28 -29 29 -31
leaf_value=-1.7769277048110963 5.3732275117060233 -4.6629541983971228 4.2443116140954293 -6.3347721763279132 -3.5398955674635042 2.5818924193686628 -5.4979790687561039 -8.1821640534834437 -5.357593046535146 -2.440369772993856 3.500907563256181 -4.4137546062469486 -2.8026759602806788 -4.9856571866915784 -4.4180161713025505 -6.3236849589989745 -0.65453729901994984 4.8713606691168208 -6.5473588875361859 -4.5546687412261964 -7.9417484413493771 -6.1788207511107132 -8.012336644941362 -6.2974800109863285 -7.2543479810442255 6.0346371764689692 4.9298488299051924 6.752784252166748 4.8119955011036089 3.8958691153770837
leaf_weight=25 58 39 81 23 36 47 22 33 22 36 46 28 44 26 39 26 35 62 28 20 33 36 29 24 35 80 27 20 46 234
leaf_count=25 58 39 81 23 36 47 22 33 22 36 46 28 44 26 39 26 35 62 28 20 33 36 29 24 35 80 27 20 46 234
internal_value=0 -5.05257 4.45616 -6.28428 -2.77062 3.99455 -6.71833 -6.27318 -7.05234 -1.61651 4.13612 -3.63619 -3.41847 -5.70932 -4.98629 -5.32725 -1.1222 4.51618 -6.08563 -3.90231 -7.0423 -7.14595 -6.93417 -7.24318 -6.86511 5.74367 5.52199 5.72696 3.96941 4.04638
internal_weight=0 639 701 415 224 516 311 131 55 96 469 128 100 76 104 65 60 143 50 56 180 157 124 88 59 185 105 78 326 280
internal_count=1340 639 701 415 224 516 311 131 55 96 469 128 100 76 104 65 60 143 50 56 180 157 124 88 59 185 105 78 326 280
is_linear=0
shrinkage=0.1


Tree=10
num_leaves=31
num_cat=0
split_feature=0 4 4 4 4 4 4 4 4 4 4 4 4 0 4 4 4 4 0 4 4 4 4 4 4 4 4 4 4 4
split_gain=2.39184e+06 144845 35273.9 30341.5 14741.1 12632 7832.87 7832.13 6678.11 15756.2 6356.51 5363.51 5406.31 4371.75 4322.39 4256.02 6066.57 4822.29 5446.85 7435.73 3330.13 3186.55 2709 7523.7 3014.52 2543.07 3214.45 3621.04 2367.55 5520.08
threshold=2.0000000000000004 68.500000000000014 88.500000000000014 134.50000000000003 186.50000000000003 16.000000000000004 148.50000000000003 156.50000000000003 102.00000000000001 94.500000000000014 122.00000000000001 115.50000000000001 107.50000000000001 4.0000000000000009 162.00000000000003 96.500000000000014 106.50000000000001 126.50000000000001 4.0000000000000009 116.50000000000001 119.50000000000001 114.50000000000001 79.500000000000014 87.500000000000014 74.500000000000014 150.50000000000003 163.50000000000003 158.50000000000003 59.500000000000007 48.500000000000007
decision_type=2 2 2 2 2 2 2 2 2 2 2 2 2 2 2 2 2 2 2 2 2 2 2 2 2 2 2 2 2 2
left_child=1 5 13 8 25 -1 15 -8 9 22 11 12 -10 -2 -9 -4 -17 18 19 -18 21 -20 24 -24 -3 -5 27 -27 29 -7
right_child=2 3 6 4 -6 28 7 14 10 -11 -12 -13 -14 -15 -16 16 17 -19 20 -21 -22 -23 23 -25 -26 26 -28 -29 -30 -31
leaf_value=-1.1340740915002494 5.7695869464874274 -5.2482991173153835 3.0190631856723709 -7.4969525759036735 -4.1039658503873007 -3.0833507701841203 1.8678626304581052 4.5800207133476549 -6.4417864426322611 -2.0920806198120121 -4.3214360200441808 -6.9661882663595271 -4.4182898471432344 4.7679584001119322 3.1775758312359246 5.0779785547567453 5.5129670446569277 4.2880061138759968 3.0462684242621716 3.056243392399379 3.8054182028770449 1.3203693897835911 -6.6854385713736226 -4.0592770922183989 -3.5911484096361246 -6.8283612709045416 -7.1303740048938895 -5.0471468039921357 -3.6022199062740103 -1.578219192168292
leaf_weight=58 75 21 49 52 21 86 42 26 23 25 39 29 31 104 142 46 22 110 23 28 20 20 24 20 23 25 59 21 34 34
leaf_count=58 75 21 49 52 21 86 42 26 23 25 39 29 31 104 142 46 22 110 23 28 20 20 24 20 23 25 59 21 34 34
internal_value=0 -4.51668 3.9745 -5.60738 -6.59222 -2.39188 3.56324 3.08927 -4.86141 -4.30751 -5.37446 -5.86925 -5.28015 5.18764 3.39462 3.87623 4.03237 3.81668 3.35788 4.1372 2.73936 2.24352 -4.9369 -5.49173 -4.38206 -6.92505 -6.64182 -6.0152 -2.8656 -2.6569
internal_weight=0 625 707 413 178 212 528 210 235 113 122 83 54 179 168 318 269 223 113 50 63 43 88 44 44 157 105 46 154 120
internal_count=1332 625 707 413 178 212 528 210 235 113 122 83 54 179 168 318 269 223 113 50 63 43 88 44 44 157 105 46 154 120
is_linear=0
shrinkage=0.1


Tree=11
num_leaves=31
num_cat=0
split_feature=0 4 4 4 4 4 4 4 4 4 0 4 4 4 4 0 4 4 4 4 4 4 4 4 4 4 4 4 4 4
split_gain=1.93739e+06 117324 28571.8 24938.8 10231.9 9603.91 6344.63 6344.02 5395.08 6700.54 3541.11 3501.14 3447.38 4913.92 3906.06 4411.95 6022.94 2817.92 10608.1 6673.75 4585.44 3482.88 2697.4 2581.1 2441.76 2059.89 2603.71 2933.05 1917.72 4471.26
threshold=2.0000000000000004 68.500000000000014 88.500000000000014 118.50000000000001 16.000000000000004 186.50000000000003 148.50000000000003 156.50000000000003 134.50000000000003 124.50000000000001 4.0000000000000009 162.00000000000003 96.500000000000014 106.50000000000001 126.50000000000001 4.0000000000000009 116.50000000000001 87.500000000000014 102.00000000000001 79.500000000000014 107.50000000000001 94.500000000000014 119.50000000000001 114.50000000000001 74.500000000000014 150.50000000000003 163.50000000000003 158.50000000000003 59.500000000000007 48.500000000000007
decision_type=2 2 2 2 2 2 2 2 2 2 2 2 2 2 2 2 2 2 2 2 2 2 2 2 2 2 2 2 2 2
left_child=1 4 10 17 -1 8 12 -8 9 -5 -2 -9 -4 -14 15 16 -15 19 21 24 -20 -19 23 -17 -3 -10 27 -27 29 -6
right_child=2 3 6 5 28 -7 7 11 25 -11 -12 -13 13 14 -16 22 -18 18 20 -21 -22 -23 -24 -25 -26 26 -28 -29 -30 -31
leaf_value=-1.0206667055343759 5.192628205617269 -4.723469101814997 2.7171568510787831 -6.4701704116094678 -2.7750157334776815 -3.6935689472016833 1.6810763518015546 4.122018641691942 -6.7472573103813023 -4.1851754622025927 4.2911625855244129 2.8598182464149637 4.5701806729254519 4.9616702513261277 3.85920554719188 2.74164166657821 2.750619048731668 -3.6533494961261752 -5.7976076333419142 -6.0168946822484344 -4.0619074519475298 -1.8828725545406344 3.4248764324188232 1.1883323490619659 -3.2320335554040001 -6.1455250864028939 -6.4173366053629737 -4.5424318858555388 -3.2419979915899391 -1.4203971638399011
leaf_weight=58 75 21 49 21 86 21 42 26 52 33 104 142 46 22 110 23 28 20 23 24 45 25 20 20 23 25 59 21 34 34
leaf_count=58 75 21 49 21 86 21 42 26 52 33 104 142 46 22 110 23 28 20 23 24 45 25 20 20 23 25 59 21 34 34
internal_value=0 -4.06502 3.57705 -5.04664 -2.1527 -5.73301 3.20691 2.78034 -5.93599 -5.07378 4.66887 3.05516 3.48861 3.62913 3.43502 3.02209 3.72348 -4.16688 -3.86079 -4.67552 -4.64898 -2.66975 2.46543 2.01917 -3.94386 -6.23254 -5.97764 -5.41368 -2.57904 -2.39121
internal_weight=0 625 707 413 212 232 528 210 211 54 179 168 318 269 223 113 50 181 113 68 68 45 63 43 44 157 105 46 154 120
internal_count=1332 625 707 413 212 232 528 210 211 54 179 168 318 269 223 113 50 181 113 68 68 45 63 43 44 157 105 46 154 120
is_linear=0
shrinkage=0.1


Tree=12
num_leaves=3
num_cat=0
split_feature=0 0
split_gain=1.56929e+06 3745.61
threshold=2.0000000000000004 4.0000000000000009
decision_type=2 2
left_child=-1 -2
right_child=1 -3
leaf_value=-3.6585142926187815 3.4874437047714992 3.0217362351294526
leaf_weight=625 300 407
leaf_count=625 300 407
internal_value=0 3.21935
internal_weight=0 707
internal_count=1332 707
is_linear=0
shrinkage=0.1


Tree=13
num_leaves=31
num_cat=0
split_feature=0 4 4 4 4 4 4 4 4 4 4 4 4 4 4 4 0 4 4 4 4 4 4 4 4 4 4 4 4 0
split_gain=1.27112e+06 95032.5 23154.9 20200.4 8287.88 7779.16 5171.92 5150.19 4370.01 5427.44 2810.66 2784.5 3961.09 3194.82 3379.6 3049.19 2548.47 2282.52 8592.53 5405.74 3714.2 2821.13 1977.83 1875.44 4841.53 3620.05 3889.13 1860.64 3080.99 6032.35
threshold=2.0000000000000004 68.500000000000014 88.500000000000014 118.50000000000001 16.000000000000004 186.50000000000003 148.50000000000003 156.50000000000003 134.50000000000003 124.50000000000001 162.00000000000003 96.500000000000014 106.50000000000001 126.50000000000001 115.50000000000001 110.50000000000001 4.0000000000000009 87.500000000000014 102.00000000000001 79.500000000000014 107.50000000000001 94.500000000000014 74.500000000000014 40.500000000000007 31.500000000000004 50.500000000000007 59.500000000000007 186.50000000000003 174.50000000000003 4.0000000000000009
decision_type=2 2 2 2 2 2 2 2 2 2 2 2 2 2 2 2 2 2 2 2 2 2 2 2 2 2 2 2 2 2
left_child=1 4 16 17 -1 8 11 -8 9 -5 -9 -4 -13 14 15 -14 -2 19 21 22 -20 -19 -3 24 -6 -25 -27 28 -12 -30
right_child=2 3 6 5 23 -7 7 10 -10 -11 27 12 13 -15 -16 -17 -18 18 20 -21 -22 -23 -24 25 -26 26 -28 -29 29 -31
leaf_value=-0.55274852884226833 4.3246210941473642 -3.8852708362397692 2.1252094796725682 -5.4573017233893992 -2.2134694345650217 -2.9583606084187828 1.1886185396285285 3.3825666528481708 -5.2434383377148093 -3.4008065541585291 2.4844245080011231 3.7897284562173099 2.0904465603828433 3.1541764969929038 1.92714310499338 3.7071078485676221 3.559872676804662 -2.9221630215644838 -4.8519954163095234 -5.0493539571762085 -3.2898653215832185 -1.32873397064209 -2.5429787013841714 -3.2495762659953193 -0.45581254577636721 -0.94437726691917145 -2.551946738888236 2.9820562488266402 2.6419266836983817 0.29771945606107297
leaf_weight=58 75 21 49 21 42 21 42 26 157 33 70 46 20 110 65 28 104 20 23 24 45 25 23 26 25 27 34 28 21 23
leaf_count=58 75 21 49 21 42 21 42 26 157 33 70 46 20 110 65 28 104 20 23 24 45 25 23 26 25 27 34 28 21 23
internal_value=0 -3.29266 2.89741 -4.17613 -1.57157 -4.79386 2.5642 2.17907 -4.97654 -4.20055 2.42668 2.81854 2.94483 2.77055 2.3971 3.0335 3.8803 -3.38434 -3.10886 -3.84211 -3.81823 -2.03692 -3.18362 -1.95529 -1.55763 -2.26153 -1.8404 2.25166 2.07226 1.41655
internal_weight=0 625 707 413 212 232 528 210 211 54 168 318 269 223 113 48 179 181 113 68 68 45 44 154 67 87 61 142 114 44
internal_count=1332 625 707 413 212 232 528 210 211 54 168 318 269 223 113 48 179 181 113 68 68 45 44 154 67 87 61 142 114 44
is_linear=0
shrinkage=0.1


Tree=14
num_leaves=31
num_cat=0
split_feature=0 4 4 4 4 4 4 4 4 4 4 4 4 4 0 4 4 0 4 4 4 4 4 4 4 4 4 4 4 4
split_gain=1.02961e+06 76976.3 18755.5 16362.3 6824.64 6301.12 4189.26 4171.65 3539.71 4396.23 2276.63 2255.44 3208.48 2587.8 3374.61 4455.09 2463.74 2064.26 1966.23 4952.73 2816.25 3146.39 4378.65 1905.91 1756.77 3491.15 2932.24 3150.19 1668.51 2245.22
threshold=2.0000000000000004 68.500000000000014 88.500000000000014 118.50000000000001 13.500000000000002 186.50000000000003 148.50000000000003 156.50000000000003 134.50000000000003 124.50000000000001 162.00000000000003 96.500000000000014 106.50000000000001 126.50000000000001 4.0000000000000009 116.50000000000001 119.50000000000001 4.0000000000000009 105.50000000000001 109.50000000000001 98.500000000000014 87.500000000000014 79.500000000000014 114.50000000000001 40.500000000000007 30.500000000000004 50.500000000000007 59.500000000000007 150.50000000000003 170.50000000000003
decision_type=2 2 2 2 2 2 2 2 2 2 2 2 2 2 2 2 2 2 2 2 2 2 2 2 2 2 2 2 2 2
left_child=1 4 17 18 -1 8 11 -8 9 -5 -9 -4 -13 14 15 -14 23 -2 20 -20 21 22 -3 -16 25 -6 -26 -28 -10 -30
right_child=2 3 6 5 24 -7 7 10 28 -11 -12 12 13 -15 16 -17 -18 -19 19 -21 -22 -23 -24 -25 26 -27 27 -29 29 -31
leaf_value=-0.39313772583007811 3.8921589609781906 -2.8652563611214816 1.9126885567392624 -4.9115717728932706 -1.8719373340509375 -2.6625247047061014 1.0697566790594941 3.0443099544025385 -5.1823362552202674 -3.0607258868939948 2.026491344646669 3.410755581441133 3.8357141494750979 2.8387588675455615 1.864882616893105 1.9340985195977347 2.5875008630752565 3.2038854108406944 -1.4660592903693519 -3.3423110204584461 -4.3581255149841311 -2.2909938607897078 -4.5444184743178395 0.53011212348937986 -2.9246186559016891 -0.43833023538956284 -0.8499396129890725 -2.2967519847785725 -4.1696833341894015 -5.1579068688785332
leaf_weight=50 75 44 49 21 49 21 42 26 52 33 142 46 22 110 23 28 20 104 24 34 20 35 24 20 26 26 27 34 71 34
leaf_count=50 75 44 49 21 49 21 42 26 52 33 142 46 22 110 23 28 20 104 24 34 20 35 24 20 26 26 27 34 71 34
internal_value=0 -2.9634 2.60767 -3.75851 -1.41442 -4.31447 2.30778 1.96116 -4.47889 -3.7805 2.18401 2.53668 2.65035 2.49349 2.15739 2.77081 1.67055 3.49227 -3.0459 -2.56593 -3.27223 -3.06138 -3.4579 1.24406 -1.72963 -1.37495 -2.03538 -1.65636 -4.71909 -4.48968
internal_weight=0 625 707 413 212 232 528 210 211 54 168 318 269 223 113 50 63 179 181 58 123 103 68 43 162 75 87 61 157 105
internal_count=1332 625 707 413 212 232 528 210 211 54 168 318 269 223 113 50 63 179 181 58 123 103 68 43 162 75 87 61 157 105
is_linear=0
shrinkage=0.1


Tree=15
num_leaves=31
num_cat=0
split_feature=0 4 4 4 4 4 4 4 4 4 4 4 4 4 4 4 4 4 4 4 4 4 4 4 4 4 4 4 0 4
split_gain=884084 59787.5 20405.9 5504.27 5266.72 7157.49 8992.03 7389.52 7971.31 4825.03 4072.41 4231.72 4116.78 3218.95 2352 6488.79 3263.36 2769.96 6747.57 1788.43 3801.9 3094.37 1771.15 1704.05 2898.88 5020.31 2910.43 1603.42 6122.4 1588.3
threshold=2.0000000000000004 76.500000000000014 94.500000000000014 174.50000000000003 186.50000000000003 127.50000000000001 83.500000000000014 100.50000000000001 117.50000000000001 27.500000000000004 168.50000000000003 163.50000000000003 144.50000000000003 108.50000000000001 134.50000000000003 142.00000000000003 98.500000000000014 159.50000000000003 147.50000000000003 60.500000000000007 68.500000000000014 30.500000000000004 135.50000000000003 34.500000000000007 57.500000000000007 48.500000000000007 40.500000000000007 169.50000000000003 4.0000000000000009 94.500000000000014
decision_type=2 2 2 2 2 2 2 2 2 2 2 2 2 2 2 2 2 2 2 2 2 2 2 2 2 2 2 2 2 2
left_child=1 9 19 14 5 6 -3 29 13 -1 11 12 22 -9 16 -16 -4 18 -17 21 -21 -2 -7 -11 25 26 -25 28 -19 -8
right_child=2 4 3 -5 -6 10 7 8 -10 23 -12 -13 -14 -15 15 17 -18 27 -20 20 -22 -23 -24 24 -26 -27 -28 -29 -30 -31
leaf_value=-0.9443450585655544 2.6146472338587046 -4.900591564178467 1.3333341619242793 1.256825510433742 -1.9722247895740328 -3.9732434492844804 -2.3597758446420944 -3.2210782352089882 -2.0826005242087624 -2.6484623680944033 -3.127470700364364 -5.6413732051849372 -3.4427352070808412 -4.6236247407065498 0.77788555815413196 3.1836805875484764 2.5975167250844069 1.8008211401792673 1.2500628332970507 1.7966606524857607 3.226681945572297 3.9489976724934959 -5.0387718983185605 -1.0405848139524461 -2.1597576727469763 -0.12384120321273805 -2.7073580546812579 1.9687631716330847 3.8667393773794174 -1.2243459918282249
leaf_weight=92 24 25 23 70 21 26 28 30 33 23 38 20 56 36 37 26 182 26 59 22 120 63 39 20 72 25 22 24 32 22
leaf_count=92 24 25 23 70 21 26 28 30 33 23 38 20 56 36 37 26 182 26 59 22 120 63 39 20 72 25 22 24 32 22
internal_value=0 -2.70668 2.44743 2.07622 -3.51078 -3.60231 -3.14559 -2.85113 -3.3516 -1.5227 -4.04626 -4.29388 -4.07115 -3.9861 2.21646 1.97607 2.45568 2.24154 1.84152 3.22387 3.00513 3.5809 -4.61256 -1.85115 -1.71922 -1.24581 -1.91366 2.65619 2.94064 -1.86019
internal_weight=0 628 708 479 374 353 174 149 99 254 179 141 121 66 409 204 205 167 85 229 142 87 65 162 139 67 42 82 58 50
internal_count=1336 628 708 479 374 353 174 149 99 254 179 141 121 66 409 204 205 167 85 229 142 87 65 162 139 67 42 82 58 50
is_linear=0
shrinkage=0.1


Tree=16
num_leaves=3
num_cat=0
split_feature=0 0
split_gain=716108 1258.72
threshold=2.0000000000000004 4.0000000000000009
decision_type=2 2
left_child=-1 -2
right_child=1 -3
leaf_value=-2.4360147864765427 2.3581790944598615 2.088348684848889
leaf_weight=628 300 408
leaf_count=628 300 408
internal_value=0 2.20268
internal_weight=0 708
internal_count=1336 708
is_linear=0
shrinkage=0.1


Tree=17
num_leaves=31
num_cat=0
split_feature=1 4 4 4 4 4 4 4 4 4 4 4 4 4 4 4 4 4 4 4 4 4 4 2 4 4 4 4 4 4
split_gain=580048 48838.7 16506.7 4459.66 5011.39 7526.42 7173.78 6456.76 4434.81 4324.87 3612.7 3616.54 2607.35 1899.8 5238.75 2636.59 2245.07 5487.32 1777.01 2548.7 1465.88 1456.95 1446.87 3301.16 2925.86 2482.14 1431.45 2401.9 1892.54 1312.57
threshold=1.0000000180025095e-35 79.500000000000014 94.500000000000014 186.50000000000003 127.50000000000001 87.500000000000014 100.50000000000001 117.50000000000001 174.50000000000003 27.500000000000004 164.50000000000003 169.50000000000003 108.50000000000001 134.50000000000003 142.00000000000003 98.500000000000014 159.50000000000003 147.50000000000003 146.50000000000003 137.50000000000003 187.50000000000003 165.50000000000003 60.500000000000007 1.0000000180025095e-35 80.500000000000014 30.500000000000004 112.00000000000001 127.50000000000001 105.50000000000001 88.500000000000014
decision_type=2 2 2 2 2 2 2 2 2 2 2 2 2 2 2 2 2 2 2 2 2 2 2 2 2 2 2 2 2 2
left_child=1 9 22 4 5 -3 -7 12 13 -1 18 -12 -8 15 -15 -4 17 -16 19 -6 -10 -18 25 24 -24 -2 28 -28 -17 -26
right_child=2 3 8 -5 10 6 7 -9 20 -11 11 -13 -14 14 16 26 21 -19 -20 -21 -22 -23 23 -25 29 -27 27 -29 -30 -31
leaf_value=-0.60630904215833414 2.1364775141080221 -4.1566692837962398 0.98060729088990584 -1.5314006442115422 -3.9072312267203082 -1.1408229634568499 -2.6553688756624858 -1.6307389721725927 0.53941541058676579 -1.4548887576671006 -1.6442615127563478 -3.3484304265542466 -3.9176607707308402 0.48178165120047495 2.6471374750137331 1.9766595826066773 2.6971131063997746 0.90341615891557636 -4.10927294476756 -2.6959590673446656 1.4735187223979407 1.8330022354125977 1.356105686636532 3.0316950100083506 3.0690422029495239 3.3315574004536588 1.6858838296184939 2.7109854571024581 3.1400787406497535 1.9966333321162635
leaf_weight=92 24 27 23 21 38 37 30 33 42 173 20 33 36 37 26 29 32 59 56 32 28 50 34 62 25 63 96 30 27 21
leaf_count=92 24 27 23 21 38 37 30 33 42 173 20 33 36 37 26 29 32 59 56 32 28 50 34 62 25 63 96 30 27 21
internal_value=0 -2.19241 1.98242 -2.94589 -3.03275 -2.63161 -2.32884 -2.77284 1.64856 -1.16029 -3.39803 -2.70535 -3.34389 1.77444 1.55839 1.98943 1.79692 1.43679 -3.6894 -3.35351 0.913057 2.17022 2.68075 2.484 2.05954 3.00188 2.11692 1.92996 2.53759 2.57946
internal_weight=0 628 708 363 342 163 136 99 479 265 179 53 66 409 204 205 167 85 126 70 70 82 229 142 80 87 182 126 56 46
internal_count=1336 628 708 363 342 163 136 99 479 265 179 53 66 409 204 205 167 85 126 70 70 82 229 142 80 87 182 126 56 46
is_linear=0
shrinkage=0.1


Tree=18
num_leaves=31
num_cat=0
split_feature=1 4 4 4 4 4 4 4 4 4 4 4 4 4 4 4 4 4 4 4 4 4 4 4 4 4 4 4 4 4
split_gain=469839 39559.4 13370.4 3612.32 4182.14 5822.26 6155.64 7180.34 3763.21 3592.19 3540.57 3349.42 5894.49 2038.03 5994.07 1760.87 1538.84 4243.39 2135.64 1832.84 4547.23 1478.35 6818.64 1470.07 1187.36 1171.97 2734.86 2010.53 1671.89 1159.48
threshold=1.0000000180025095e-35 79.500000000000014 94.500000000000014 186.50000000000003 132.00000000000003 87.500000000000014 100.50000000000001 122.00000000000001 144.50000000000003 174.50000000000003 57.500000000000007 48.500000000000007 39.500000000000007 30.500000000000004 24.500000000000004 73.500000000000014 134.50000000000003 142.00000000000003 98.500000000000014 146.50000000000003 156.50000000000003 168.50000000000003 163.50000000000003 108.50000000000001 187.50000000000003 60.500000000000007 68.500000000000014 30.500000000000004 78.500000000000014 112.00000000000001
decision_type=2 2 2 2 2 2 2 2 2 2 2 2 2 2 2 2 2 2 2 2 2 2 2 2 2 2 2 2 2 2
left_child=1 10 25 4 5 -3 -7 23 -6 16 11 12 13 14 -1 -12 18 -18 -4 -19 -21 22 -10 -8 -11 27 -27 -2 -28 -20
right_child=2 3 9 -5 8 6 7 -9 21 24 15 -13 -14 -15 -16 -17 17 19 29 20 -22 -23 -24 -25 -26 26 28 -29 -30 -31
leaf_value=-0.53352773611138504 1.92282970448335 -3.7410023512663666 0.88254660834436827 -1.3782608395531064 -3.794523260226617 -1.0267406334748139 -2.3898319411277771 -1.0582385414494919 -2.4565517475562437 0.48547386328379316 -1.8706998245418072 0.2776330976486206 -2.4110299130280812 0.017015725374221802 -2.4270181973775227 -0.84158715683480967 0.43360341610135261 2.4258853584527973 2.2838343777693808 0.68818750182011479 1.8823381251645719 -2.2587023597014579 -4.6075830078125 -3.2573191928012033 1.3261668788535257 1.2106494209983134 3.0051945461545673 2.9984016187607296 2.1839897986019361 1.7369601208302712
leaf_weight=82 24 27 23 21 52 37 30 26 56 42 60 25 24 30 21 23 37 24 56 48 95 38 20 56 28 22 35 63 85 126
leaf_count=82 24 27 23 21 52 37 30 26 56 42 60 25 24 30 21 23 37 24 56 48 95 38 20 56 28 22 35 63 85 126
internal_value=0 -1.97317 1.78417 -2.6513 -2.72947 -2.38986 -2.14502 -2.51446 -3.08954 1.4837 -1.04426 -0.797418 -0.968604 -0.708317 -0.919579 -1.58552 1.59699 1.40255 1.79049 1.61722 1.4815 -2.76798 -3.02261 -2.95471 0.821751 2.41267 2.2356 2.70169 2.42351 1.90523
internal_weight=0 628 708 363 342 176 149 112 166 479 265 182 157 133 103 83 409 204 205 167 143 114 76 86 70 229 142 87 120 182
internal_count=1336 628 708 363 342 176 149 112 166 479 265 182 157 133 103 83 409 204 205 167 143 114 76 86 70 229 142 87 120 182
is_linear=0
shrinkage=0.1


Tree=19
num_leaves=31
num_cat=0
split_feature=0 4 4 4 4 4 4 4 4 4 4 4 4 4 4 4 4 4 4 4 4 4 4 4 4 4 4 4 0 4
split_gain=380569 32407.2 10830 2960.87 6092.91 3276.72 3216.28 4471.53 4914.68 3201.83 2909.68 2305.96 1801.73 1329.33 3130.51 1915.91 4136.66 1838.6 1767.24 1280.56 1246.46 3464.55 1729.86 1515.43 3717.63 1180.13 1092.49 2044.2 1241.45 3237.22
threshold=2.0000000000000004 70.500000000000014 94.500000000000014 127.50000000000001 168.50000000000003 163.50000000000003 83.500000000000014 100.50000000000001 117.50000000000001 144.50000000000003 174.50000000000003 16.000000000000004 108.50000000000001 30.500000000000004 37.500000000000007 48.500000000000007 57.500000000000007 24.500000000000004 65.500000000000014 135.50000000000003 134.50000000000003 159.50000000000003 98.500000000000014 142.00000000000003 147.50000000000003 165.50000000000003 127.50000000000001 124.50000000000001 4.0000000000000009 109.50000000000001
decision_type=2 2 2 2 2 2 2 2 2 2 2 2 2 2 2 2 2 2 2 2 2 2 2 2 2 2 2 2 2 2
left_child=1 11 -2 6 5 9 -3 -8 12 19 20 -1 -9 17 -15 -16 -17 -13 -18 -5 22 23 -4 -22 -25 -23 27 28 -24 -30
right_child=2 3 10 4 -6 -7 7 8 -10 -11 -12 13 -14 14 15 16 18 -19 -20 -21 21 25 26 24 -26 -27 -28 -29 29 -31
leaf_value=-0.30518662495345905 2.1714069573656052 -2.8264505074137736 0.79429192491199663 -2.6989564751203243 -1.7507923481828076 -4.1468247985839843 -1.0648273587226869 -2.1508487570285797 -1.2285635081204502 -2.2108965869460788 0.73957597817693443 -0.90306358536084508 -3.2001627855830721 0.24840431270145236 -1.722282191840085 0.24986984920501709 -1.7820808369666339 -2.184316376277379 -0.63289533153824185 -3.6049750059078907 0.3902430548055752 2.2391679624095562 2.0875651609897612 2.153202028457935 0.71794402366977628 1.4614681788682937 2.2661909198760988 0.68992258253551675 2.3580322682857515 0.95643730541070304
leaf_weight=58 229 42 23 26 59 20 50 30 33 56 70 24 36 21 33 25 32 21 23 39 37 32 60 26 59 50 30 21 26 45
leaf_count=58 229 42 23 26 59 20 50 30 33 56 70 24 36 21 33 25 32 21 23 39 37 32 60 26 59 50 30 21 26 45
internal_value=0 -1.77585 1.60576 -2.33513 -2.60405 -2.96109 -2.05354 -1.83567 -2.22499 -2.7651 1.33533 -0.853166 -2.7232 -1.03072 -0.8728 -1.08117 -0.816705 -1.50098 -1.30151 -3.24257 1.43729 1.26229 1.61144 0.924434 1.15696 1.76496 1.71471 1.60586 1.75269 1.4697
internal_weight=0 628 708 391 200 141 191 149 99 121 479 237 66 179 134 113 80 45 55 65 409 204 205 122 85 82 182 152 131 71
internal_count=1336 628 708 391 200 141 191 149 99 121 479 237 66 179 134 113 80 45 55 65 409 204 205 122 85 82 182 152 131 71
is_linear=0
shrinkage=0.1


Tree=20
num_leaves=3
num_cat=0
split_feature=0 0
split_gain=294134 885.508
threshold=2.0000000000000004 4.0000000000000009
decision_type=2 2
left_child=-1 -2
right_child=1 -3
leaf_value=-1.6535764200568199 1.4748349627731621 1.2455685364125331
leaf_weight=625 296 391
leaf_count=625 296 391
internal_value=0 1.34435
internal_weight=0 687
internal_count=1312 687
is_linear=0
shrinkage=0.1


Tree=21
num_leaves=31
num_cat=0
split_feature=1 4 4 4 4 4 4 4 4 4 4 4 4 4 4 4 4 4 4 4 4 4 4 4 4 4 4 4 4 4
split_gain=238248 41797.4 10563.2 6455.61 5294.32 5034.5 6660.75 6238.81 5140.47 4179.57 2742.36 8301.81 7236.49 4760.18 6141.78 2267.08 2631.82 6496.72 4975.61 5843.32 2742.11 2198.89 1946.85 2752.53 1742.62 2286.39 1671.49 1638.47 2221.12 2023.85
threshold=1.0000000180025095e-35 78.500000000000014 90.500000000000014 174.50000000000003 11.500000000000002 73.500000000000014 63.500000000000007 54.500000000000007 46.000000000000007 180.50000000000003 99.500000000000014 106.50000000000001 92.000000000000014 117.50000000000001 124.50000000000001 184.50000000000003 137.50000000000003 150.50000000000003 169.50000000000003 164.50000000000003 130.50000000000003 36.000000000000007 27.500000000000004 17.500000000000004 165.50000000000003 158.50000000000003 157.50000000000003 127.50000000000001 120.50000000000001 132.00000000000003
decision_type=2 2 2 2 2 2 2 2 2 2 2 2 2 2 2 2 2 2 2 2 2 2 2 2 2 2 2 2 2 2
left_child=1 4 -2 24 -1 6 7 8 21 -5 12 -12 -3 -13 -15 16 20 -18 19 26 -16 22 23 -6 25 27 -19 28 -4 -29
right_child=2 10 3 9 5 -7 -8 -9 -10 -11 11 13 -14 14 15 -17 17 18 -20 -21 -22 -23 -24 -25 -26 -27 -28 29 -30 -31
leaf_value=0.53212576610286066 1.8327673446673616 -2.546500194433964 1.0672826778222693 -1.1137227260761642 -1.3389535455476671 0.76376473733357031 -2.0735607134329306 0.66390226157382137 -2.2884163964878428 0.63579122490353057 -4.2114070787316278 -1.1815393755602281 -0.33899954469115645 -3.8778317368548851 -2.5176596706821806 -1.1454261016845704 -3.5281417528788248 -1.493008210442283 -2.9652287116417519 -0.11169423580169678 -1.0277583233515422 0.15165091838155476 -1.5293313322396116 0.20033029868052554 1.6445970577352189 0.23955635708921097 -2.6672470053037007 2.2836861515045164 0.19890316691663532 1.2036793586179502
leaf_weight=41 195 33 162 22 21 21 37 32 22 36 21 43 27 23 21 20 42 22 39 20 30 28 29 26 51 34 27 20 36 131
leaf_count=41 195 33 162 22 21 21 37 32 22 36 21 43 27 23 21 20 42 22 39 20 30 28 29 26 51 34 27 20 36 131
internal_value=0 -1.48822 1.20992 0.963053 -0.509648 -0.707393 -0.865825 -0.583001 -0.899674 -0.0278175 -2.17162 -2.29211 -1.55312 -2.15167 -2.32264 -2.16079 -2.26182 -2.47281 -2.0624 -1.55211 -1.64125 -0.605902 -0.885001 -0.487435 1.09547 1.02235 -2.14004 1.09861 0.909395 1.34673
internal_weight=0 625 687 492 257 216 195 158 126 58 368 308 60 287 244 221 201 150 108 69 51 104 76 47 434 383 49 349 198 151
internal_count=1312 625 687 492 257 216 195 158 126 58 368 308 60 287 244 221 201 150 108 69 51 104 76 47 434 383 49 349 198 151
is_linear=0
shrinkage=0.1


Tree=22
num_leaves=31
num_cat=0
split_feature=0 4 4 4 4 4 4 4 4 4 4 4 4 4 4 4 4 4 4 4 4 4 4 4 4 4 4 4 4 0
split_gain=192981 33855.9 8556.21 5229.04 4288.4 4077.95 5395.21 5053.44 4163.78 3385.46 2221.31 6724.47 5861.56 3958.45 6319.85 1836.33 2628.59 11817.3 3938.32 3655.08 1803.09 2010.09 3187.65 1411.52 1851.97 1327.16 1799.11 1639.31 1445.99 1401.44
threshold=2.0000000000000004 78.500000000000014 90.500000000000014 174.50000000000003 11.500000000000002 73.500000000000014 63.500000000000007 54.500000000000007 46.000000000000007 180.50000000000003 99.500000000000014 106.50000000000001 92.000000000000014 118.50000000000001 124.50000000000001 184.50000000000003 146.50000000000003 153.50000000000003 170.50000000000003 164.50000000000003 22.500000000000004 28.500000000000004 36.000000000000007 165.50000000000003 158.50000000000003 127.50000000000001 120.50000000000001 132.00000000000003 116.50000000000001 4.0000000000000009
decision_type=2 2 2 2 2 2 2 2 2 2 2 2 2 2 2 2 2 2 2 2 2 2 2 2 2 2 2 2 2 2
left_child=1 4 -2 23 -1 6 7 8 20 -5 12 -12 -3 -13 -15 16 -16 -18 19 -19 -6 -22 -23 24 25 26 28 -27 29 -4
right_child=2 10 3 9 5 -7 -8 -9 -10 -11 11 13 -14 14 15 -17 17 18 -20 -21 21 22 -24 -25 -26 27 -28 -29 -30 -31
leaf_value=0.47891325310962957 1.649490610345816 -2.2918502287431197 1.1710190572837991 -1.0023504950783468 -1.1842708533810031 0.68738819303966714 -1.8662046496932572 0.59751205798238516 -2.0595748988064853 0.57221220350927771 -3.7902664332162765 -1.0864419409762258 -0.30509959878744902 -3.8010181999206547 -1.59547437046781 -1.0308834171295167 -4.5517260551452638 -2.0196272620340672 -2.7633022742236366 -0.48550968551635743 0.58024489045143124 -1.4170616059303285 0.13648588912827628 1.4801373409874301 0.21560076089466321 2.055317599773407 0.1790128033194277 1.083311412341267 1.5747129517216836 0.51454320927740826
leaf_weight=41 195 33 60 22 31 21 37 32 22 36 21 46 27 20 81 20 20 41 34 25 20 25 28 51 34 20 36 131 31 71
leaf_count=41 195 33 60 22 31 21 37 32 22 36 21 46 27 20 81 20 20 41 34 25 20 25 28 51 34 20 36 131 31 71
internal_value=0 -1.3394 1.08892 0.866748 -0.458684 -0.636653 -0.779242 -0.524701 -0.809707 -0.0250357 -1.95446 -2.0629 -1.39781 -1.93651 -2.09876 -1.94471 -2.03564 -2.33274 -1.88895 -1.43852 -0.545312 -0.273973 -0.59632 0.985926 0.920117 0.988752 0.818456 1.21205 0.960554 0.815219
internal_weight=0 625 687 492 257 216 195 158 126 58 368 308 60 287 241 221 201 120 100 66 104 73 53 434 383 349 198 151 162 131
internal_count=1312 625 687 492 257 216 195 158 126 58 368 308 60 287 241 221 201 120 100 66 104 73 53 434 383 349 198 151 162 131
is_linear=0
shrinkage=0.1


Tree=23
num_leaves=31
num_cat=0
split_feature=1 4 4 4 4 4 4 4 4 4 4 4 4 4 4 4 4 4 4 4 4 4 4 4 4 4 4 4 4 4
split_gain=156315 27423.3 7017.77 4645.78 3473.61 3303.14 4564.02 2837.19 2685.29 1969.84 1799.26 5446.82 4747.86 3206.35 5156.43 4055.46 6164.89 2428.31 2234.01 1350.22 1096.09 968.543 1862.72 1007.83 1712.65 1015.25 2118.51 1104.04 2270.27 1171.25
threshold=1.0000000180025095e-35 78.500000000000014 78.500000000000014 184.50000000000003 11.500000000000002 73.500000000000014 59.500000000000007 44.000000000000007 37.500000000000007 22.500000000000004 99.500000000000014 106.50000000000001 92.000000000000014 118.50000000000001 129.50000000000003 137.50000000000003 150.50000000000003 163.50000000000003 184.50000000000003 66.500000000000014 28.500000000000004 176.50000000000003 169.50000000000003 165.50000000000003 158.50000000000003 84.500000000000014 90.500000000000014 126.50000000000001 120.50000000000001 116.50000000000001
decision_type=2 2 2 2 2 2 2 2 2 2 2 2 2 2 2 2 2 2 2 2 2 2 2 2 2 2 2 2 2 2
left_child=1 4 19 21 -1 6 7 8 9 -6 12 -12 -3 -13 -15 -16 -17 -18 -19 -2 -11 22 23 24 25 -4 -27 28 29 -28
right_child=2 10 3 -5 5 -7 -8 -9 -10 20 11 13 -14 14 15 16 17 18 -20 -21 -22 -23 -24 -25 -26 26 27 -29 -30 -31
leaf_value=0.43102194274344097 1.4320425391831297 -2.062665185061368 0.27154252420772207 -0.45527280144117493 -1.0658437498154179 0.61864948840368372 -1.5035920796486049 0.25855771682479162 -1.741619689464569 0.52222036719322207 -3.4112397609722045 -0.97779778429995423 -0.2745896460833373 -2.9415943514078093 -0.6528896652162075 -2.9313158262166241 -0.93327231949025935 -2.1386071328073739 -0.92779505729675305 2.1384155066389789 -0.44705872527722806 1.52422249239424 0.13433996818282387 1.5166718372931847 0.19404066801071168 1.6497531751307049 0.73369727121054673 1.0820732047839194 -0.14213993268517347 1.4172416071737968
leaf_weight=41 94 33 22 27 31 21 52 44 20 20 21 46 27 39 32 42 44 64 20 38 28 23 33 26 34 41 131 161 26 31
leaf_count=41 94 33 22 27 31 21 52 44 20 20 21 46 27 39 32 42 44 64 20 38 28 23 33 26 34 41 131 161 26 31
internal_value=0 -1.20546 0.980031 0.824161 -0.412815 -0.572988 -0.701318 -0.409582 -0.706533 -0.444486 -1.75901 -1.85661 -1.25803 -1.74285 -1.88888 -1.68564 -1.88004 -1.53508 -1.85032 1.63539 -0.0431924 0.889587 0.860683 0.911465 0.876184 0.932478 0.969761 0.889877 0.725283 0.864499
internal_weight=0 625 687 555 257 216 195 143 99 79 368 308 60 287 241 202 170 128 84 132 48 528 505 472 446 412 390 349 188 162
internal_count=1312 625 687 555 257 216 195 143 99 79 368 308 60 287 241 202 170 128 84 132 48 528 505 472 446 412 390 349 188 162
is_linear=0
shrinkage=0.1


Tree=24
num_leaves=3
num_cat=0
split_feature=0 0
split_gain=126615 596.847
threshold=2.0000000000000004 4.0000000000000009
decision_type=2 2
left_child=-1 -2
right_child=1 -3
leaf_value=-1.0849114870160819 0.98915423159361693 0.80092993952581648
leaf_weight=625 296 391
leaf_count=625 296 391
internal_value=0 0.882028
internal_weight=0 687
internal_count=1312 687
is_linear=0
shrinkage=0.1


Tree=25
num_leaves=31
num_cat=0
split_feature=1 4 4 4 4 4 4 4 4 4 4 4 4 4 4 4 4 4 4 4 4 4 4 4 4 2 4 4 4 4
split_gain=93564 24686.7 8295.18 7684.66 4917.29 3289.47 9552.42 7433.9 3235.19 5608.58 3684.67 3527.42 11744.8 2183.38 5184.52 1944.82 1898.7 3268.51 3527.13 4265.68 3410.09 1487.6 6153.15 1616.73 3257.03 1958.99 7068.71 6255.78 4133.67 3463.09
threshold=1.0000000180025095e-35 68.500000000000014 163.50000000000003 95.500000000000014 11.500000000000002 154.50000000000003 146.50000000000003 140.50000000000003 119.50000000000001 96.500000000000014 129.50000000000003 108.50000000000001 113.50000000000001 182.00000000000003 168.50000000000003 22.500000000000004 28.500000000000004 36.000000000000007 44.000000000000007 54.500000000000007 60.500000000000007 186.50000000000003 179.50000000000003 126.50000000000001 132.00000000000003 1.0000000180025095e-35 169.50000000000003 169.50000000000003 143.50000000000003 142.00000000000003
decision_type=2 2 2 2 2 2 2 2 2 2 2 2 2 2 2 2 2 2 2 2 2 2 2 2 2 2 2 2 2 2
left_child=1 4 5 -2 -1 6 7 8 9 -3 -10 -11 -13 14 -4 -6 -17 -18 -19 -20 -21 22 23 -5 -25 26 29 28 -27 -26
right_child=3 2 13 21 15 -7 -8 -9 10 11 -12 12 -14 -15 -16 16 17 18 19 20 -22 -23 -24 24 25 27 -28 -29 -30 -31
leaf_value=0.98316779732704163 1.2473273822045465 -1.4958729100103181 -3.0460598506710745 0.33120498729359577 -0.97781338055928557 -0.13856257759034635 -3.1643784134284312 0.76498803666659765 -2.5115959532120651 0.22930371152030099 -1.1322696137428285 -2.8378304195404054 0.38546471320665798 -2.9089368030942722 -1.0870054061072214 0.69969788599014293 -1.3610886210067707 1.1041930875994943 -1.4409570490320525 1.0872187261996062 -0.49897531993461386 1.2561118119529315 -1.1264179162003778 1.7167502617836001 -0.17032324351144559 1.7546646237373353 -1.1980451017618179 2.4799530479170029 0.17769555098870224 1.0471765285730361
leaf_weight=40 233 96 22 157 30 32 23 21 34 45 45 20 26 29 35 25 22 22 24 23 33 28 22 30 33 22 24 21 68 80
leaf_count=40 233 96 22 157 30 32 23 21 34 45 45 20 26 29 35 25 22 22 24 23 33 28 22 30 33 22 24 21 68 80
internal_value=0 -0.882757 -1.32461 0.775326 -0.0192241 -1.10385 -1.20349 -1.04635 -1.18935 -0.962672 -1.7259 -0.400174 -1.01597 -2.20253 -1.84313 -0.243222 -0.095318 -0.255603 -0.0171655 -0.325539 0.152497 0.548571 0.505221 0.58774 0.732618 0.61357 0.360587 0.92581 0.563177 0.691623
internal_weight=0 647 428 718 219 342 310 287 266 187 79 91 46 86 57 179 149 124 102 80 56 485 457 435 278 248 137 111 90 113
internal_count=1365 647 428 718 219 342 310 287 266 187 79 91 46 86 57 179 149 124 102 80 56 485 457 435 278 248 137 111 90 113
is_linear=0
shrinkage=0.1


Tree=26
num_leaves=31
num_cat=0
split_feature=0 4 4 4 4 4 4 4 4 4 4 4 4 4 4 4 4 4 4 4 4 4 4 4 4 4 4 0 4 4
split_gain=75786.8 19996.2 6719.09 6224.58 3983.01 2664.47 7737.46 6090.35 6218.31 3577.02 3425.89 3201.01 3662.23 2985.5 2528.56 1777.52 2966.4 3296.64 2762.18 1768.54 4199.46 1710.18 1204.96 4984.05 1309.55 2638.19 1658.33 1586.78 5725.66 5067.18
threshold=2.0000000000000004 68.500000000000014 163.50000000000003 95.500000000000014 11.500000000000002 154.50000000000003 146.50000000000003 136.50000000000003 127.50000000000001 83.500000000000014 102.00000000000001 113.50000000000001 119.50000000000001 108.50000000000001 94.500000000000014 30.500000000000004 42.000000000000007 54.500000000000007 60.500000000000007 182.00000000000003 168.50000000000003 23.500000000000004 186.50000000000003 179.50000000000003 126.50000000000001 132.00000000000003 122.00000000000001 4.0000000000000009 169.50000000000003 169.50000000000003
decision_type=2 2 2 2 2 2 2 2 2 2 2 2 2 2 2 2 2 2 2 2 2 2 2 2 2 2 2 2 2 2
left_child=1 4 5 -2 -1 6 7 8 9 -3 14 13 -13 -12 -11 21 -17 -18 -19 20 -4 -6 23 24 26 -26 -5 29 -29 -27
right_child=3 2 19 22 15 -7 -8 -9 -10 10 11 12 -14 -15 -16 16 17 18 -20 -21 -22 -23 -24 -25 25 27 -28 28 -30 -31
leaf_value=0.88485099583864213 1.1225946498659036 -1.6005833067653474 -2.7414537754925816 0.429283268953915 -0.22677805953555638 -0.12470633517950774 -2.847940554826156 0.2030073457583785 -2.3619620918588979 -0.68953694581985481 -0.9420638976273713 0.34691823812631462 -1.3482041392326356 -2.5540474325418474 0.6443873334814002 0.79428651878500689 -1.1763189351764218 0.97849690810493817 -0.44907773986007227 -2.6180431530393404 -0.97830486842564179 -1.3165602674086889 1.1305006150688444 -1.0137761143120854 1.5450752073526384 0.50685921377605858 -0.50699896460229699 0.62246111971614637 -1.0782405855755011 2.2319576467786515
leaf_weight=40 233 57 22 135 36 32 23 40 35 30 27 26 25 20 27 34 29 23 33 29 35 24 28 22 30 90 22 113 24 21
leaf_count=40 233 57 22 135 36 32 23 40 35 30 27 26 25 20 27 34 29 23 33 29 35 24 28 22 30 90 22 113 24 21
internal_value=0 -0.794481 -1.19215 0.697794 -0.0173016 -0.993463 -1.08314 -0.941711 -1.12709 -0.923221 -0.674126 -1.03267 -0.484024 -1.62801 -0.0576781 -0.2189 0.00486013 -0.31091 0.137248 -1.98228 -1.65882 -0.662691 0.493714 0.454699 0.528966 0.659356 0.298084 0.552213 0.324528 0.833229
internal_weight=0 647 428 718 219 342 310 287 247 212 155 98 51 47 57 179 119 85 56 86 57 60 485 457 435 278 157 248 137 111
internal_count=1365 647 428 718 219 342 310 287 247 212 155 98 51 47 57 179 119 85 56 86 57 60 485 457 435 278 157 248 137 111
is_linear=0
shrinkage=0.1


Tree=27
num_leaves=3
num_cat=0
split_feature=0 0
split_gain=61387.3 1011.73
threshold=2.0000000000000004 4.0000000000000009
decision_type=2 2
left_child=-1 -2
right_child=1 -3
leaf_value=-0.71503313763536391 0.49105636349746162 0.73089964248694306
leaf_weight=647 308 410
leaf_count=647 308 410
internal_value=0 0.628014
internal_weight=0 718
internal_count=1365 718
is_linear=0
shrinkage=0.1


Tree=28
num_leaves=31
num_cat=0
split_feature=1 4 4 4 4 4 4 4 4 4 4 4 4 4 4 4 4 4 4 4 4 4 2 4 4 4 4 4 4 2
split_gain=49723.7 16196.9 5442.47 5031.19 3226.24 2452.14 2369.35 4101.69 2653.47 2556.15 7705.76 1671.52 2002.47 1651.05 1645.42 1432.52 3401.57 1390.32 2426.68 2595.38 2851.23 2237.36 1078.85 1083.92 1025.32 957.897 4049.86 1058.34 2139.12 1423.49
threshold=1.0000000180025095e-35 68.500000000000014 163.50000000000003 95.500000000000014 11.500000000000002 150.50000000000003 119.50000000000001 96.500000000000014 129.50000000000003 108.50000000000001 113.50000000000001 79.500000000000014 74.500000000000014 87.500000000000014 17.500000000000004 182.00000000000003 168.50000000000003 27.500000000000004 36.000000000000007 44.000000000000007 54.500000000000007 60.500000000000007 1.0000000180025095e-35 60.500000000000007 82.000000000000014 186.50000000000003 179.50000000000003 126.50000000000001 132.00000000000003 1.0000000180025095e-35
decision_type=2 2 2 2 2 2 2 2 2 2 2 2 2 2 2 2 2 2 2 2 2 2 2 2 2 2 2 2 2 2
left_child=1 4 5 22 -1 6 7 11 -8 -9 -11 12 -3 -13 -6 16 -4 -16 -19 -20 -21 -22 -2 -24 -25 26 27 -5 -29 -30
right_child=3 2 15 25 14 -7 8 9 -10 10 -12 13 -14 -15 17 -17 -18 18 19 20 21 -23 23 24 -26 -27 -28 28 29 -31
leaf_value=0.86786926031112677 1.1272541104442011 -1.3677077504721555 -2.3958052093332465 0.20633801826732651 -0.98036673545837416 -0.12576079758053477 -2.027277861798511 0.30862502204047315 -0.96659880775909923 -2.2271392160654067 0.38372974945948674 -2.1775318218314133 -0.0025061601684207009 -1.0513894089063009 0.6081045052100873 -2.2847352981567384 -0.80897115077291226 -0.98226406148501821 1.0306348708500577 -1.1077261589467526 0.95215052729067606 -0.33266670405864718 0.19167522350947064 1.3903200153951292 0.58866464908306415 0.94950002245604992 -0.97676684748042719 1.3286704156796139 0.21898520828163537 0.70080064882163529
leaf_weight=40 137 22 22 157 20 44 34 45 77 20 26 23 21 30 29 29 35 28 22 24 23 33 30 27 39 28 22 30 137 111
leaf_count=40 137 22 22 157 20 44 34 45 77 20 26 23 21 30 29 29 35 28 22 24 23 33 30 27 39 28 22 30 137 111
internal_value=0 -0.64353 -1.00143 0.565213 0.0559318 -0.822614 -0.925505 -0.708261 -1.29149 -0.227227 -0.751431 -1.16424 -0.700981 -1.54009 -0.125507 -1.71255 -1.42143 -0.0179771 -0.157641 0.0687255 -0.1958 0.195026 0.947127 0.690071 0.916615 0.381736 0.34695 0.413897 0.531115 0.434636
internal_weight=0 647 428 718 219 342 298 187 111 91 46 96 43 53 179 86 57 159 130 102 80 56 233 96 66 485 457 435 278 248
internal_count=1365 647 428 718 219 342 298 187 111 91 46 96 43 53 179 86 57 159 130 102 80 56 233 96 66 485 457 435 278 248
is_linear=0
shrinkage=0.1


Tree=29
num_leaves=31
num_cat=0
split_feature=1 4 4 4 4 4 4 4 4 4 4 4 4 4 4 4 4 4 4 4 4 4 2 4 4 4 4 4 4 2
split_gain=40276.2 13119.5 4408.4 4075.26 2613.25 1986.23 1939.05 2463.27 3106.99 2458.07 2094.38 2653.28 1646.78 1645.51 1420.5 1784.07 2387.3 2102.26 2430.03 1519.4 1160.34 2755.27 873.872 877.975 830.51 802.495 775.896 3280.39 892.41 1026.37
threshold=1.0000000180025095e-35 68.500000000000014 163.50000000000003 95.500000000000014 11.500000000000002 150.50000000000003 132.00000000000003 83.500000000000014 102.00000000000001 137.50000000000003 113.50000000000001 119.50000000000001 108.50000000000001 94.500000000000014 22.500000000000004 28.500000000000004 36.000000000000007 44.000000000000007 55.500000000000007 62.000000000000007 182.00000000000003 168.50000000000003 1.0000000180025095e-35 60.500000000000007 82.000000000000014 125.50000000000001 186.50000000000003 179.50000000000003 105.50000000000001 1.0000000180025095e-35
decision_type=2 2 2 2 2 2 2 2 2 2 2 2 2 2 2 2 2 2 2 2 2 2 2 2 2 2 2 2 2 2
left_child=1 4 5 22 -1 6 7 -3 13 -8 12 -12 -10 -9 -6 -16 -17 -18 -19 -20 21 -4 -2 -24 -25 -13 27 28 29 -5
right_child=3 2 20 26 14 -7 9 8 10 -11 11 25 -14 -15 15 16 17 18 19 -21 -22 -23 23 24 -26 -27 -28 -29 -30 -31
leaf_value=0.78108232907950881 1.0145287041246458 -1.2626573361881208 -2.1562246799468996 -0.51596492269764782 -0.74076327015956256 -0.1131847756491466 -2.1417490948801454 -0.41015669763088225 -0.8072166036676478 -0.87561747431755066 0.34535683576877302 -1.3771483375912621 -2.0044254207611085 0.66592326164245608 0.78409105920558808 -1.0867048317735846 0.92757142836397355 -0.90710171091145486 0.841615965201155 -0.25531383369650162 -2.0562619982094601 -0.72807390630245217 0.17250769853591919 1.2512879992248838 0.52979819041032061 -0.50291660399664018 0.85455004487718866 -0.87909027879888368 0.42055498604660335 0.45098694846743631
leaf_weight=40 137 57 22 23 30 44 23 30 27 46 26 21 20 27 25 22 22 29 23 28 29 35 30 27 39 21 28 22 391 21
leaf_count=40 137 57 22 23 30 44 23 30 27 46 26 21 20 27 25 22 22 29 23 28 29 35 30 27 39 21 28 22 391 21
internal_value=0 -0.579177 -0.901289 0.508692 0.0503387 -0.740352 -0.832954 -0.692933 -0.504129 -1.29766 -0.803352 -0.44856 -1.31667 0.0995654 -0.112956 0.0134481 -0.141923 0.061853 -0.17622 0.23938 -1.54129 -1.27929 0.852414 0.621064 0.824953 -0.940032 0.343563 0.312255 0.372507 -0.0544652
internal_weight=0 647 428 718 219 342 298 229 172 69 115 68 47 57 179 149 124 102 80 51 86 57 233 96 66 42 485 457 435 44
internal_count=1365 647 428 718 219 342 298 229 172 69 115 68 47 57 179 149 124 102 80 51 86 57 233 96 66 42 485 457 435 44
is_linear=0
shrinkage=0.1


Tree=30
num_leaves=31
num_cat=0
split_feature=1 4 4 4 4 4 4 4 4 4 4 4 4 4 4 4 4 4 4 4 4 4 4 4 4 4 4 4 4 4
split_gain=43274.1 7871.66 4906.65 3660.09 6128.58 3765.13 10962.3 9041.79 9189.49 7664.13 3522.27 7085.83 3036.26 4926.75 4336.38 2652.33 2243.72 3920.84 1865.74 1699.87 1845.22 1562.36 2922.35 1454.15 1313.97 1194.27 1528.19 1388.1 1050.13 938.656
threshold=1.0000000180025095e-35 155.50000000000003 112.00000000000001 144.50000000000003 135.50000000000003 105.50000000000001 109.50000000000001 116.50000000000001 126.50000000000001 89.500000000000014 37.500000000000007 48.500000000000007 179.50000000000003 172.00000000000003 185.50000000000003 12.500000000000002 73.500000000000014 57.500000000000007 37.500000000000007 105.50000000000001 97.500000000000014 183.50000000000003 164.50000000000003 93.500000000000014 21.500000000000004 79.500000000000014 84.500000000000014 49.500000000000007 174.50000000000003 162.00000000000003
decision_type=2 2 2 2 2 2 2 2 2 2 2 2 2 2 2 2 2 2 2 2 2 2 2 2 2 2 2 2 2 2
left_child=1 3 18 4 5 9 -7 -8 -9 10 15 -12 13 29 -14 -1 17 -13 -2 20 23 22 -3 25 -17 27 -27 -20 -24 -4
right_child=2 21 12 -5 -6 6 7 8 -10 -11 11 16 14 -15 -16 24 -18 -19 19 -21 -22 -23 28 -25 -26 26 -28 -29 -30 -31
leaf_value=-0.66436956441679662 1.5515467626707895 -2.0768178350159103 0.30534873844047605 0.51533119028264829 -1.8677493289989586 2.0298898826945915 -1.9894188293152386 1.4562244653701784 -0.99887527958039313 -1.7446975042235178 -2.0740195542573931 0.20278103718390833 -1.5772383916945687 1.4944638953489418 0.30962224376612696 0.92853344529867177 0.036650621841351191 -1.3219675416126848 0.11551510366526517 1.382220731675625 -0.06525196926934379 -2.18433254905369 -1.16038067557595 1.4346304377019408 0.044155532121658327 -0.40816527434757782 0.59213587003094814 0.99973063229218784 -0.24207652539014815 -0.14665611827915367
leaf_weight=43 28 28 279 33 34 22 27 30 31 53 32 26 21 34 29 24 60 48 22 32 35 23 33 25 56 21 56 92 20 55
leaf_count=43 28 28 279 33 34 22 27 30 31 53 32 26 21 34 29 24 60 48 22 32 35 23 33 25 56 21 56 92 20 55
internal_value=0 -0.662903 0.472093 -0.503784 -0.572983 -0.475589 0.033317 -0.465826 0.208551 -0.639272 -0.436547 -0.737059 0.248313 0.347658 -0.482859 -0.0309787 -0.417784 -0.786245 0.772865 0.695822 0.608313 -1.45697 -1.25043 0.717456 0.309469 0.623585 0.319326 0.829093 -0.813851 0.230917
internal_weight=0 623 729 519 486 452 110 88 61 342 289 166 418 368 50 123 134 74 311 283 251 104 81 216 80 191 77 114 53 334
internal_count=1352 623 729 519 486 452 110 88 61 342 289 166 418 368 50 123 134 74 311 283 251 104 81 216 80 191 77 114 53 334
is_linear=0
shrinkage=0.1


end of trees

feature_importances:
報到序號=699
星期幾=39
時段=14
診間代碼=10

parameters:
[boosting: gbdt]
[objective: regression]
[metric: l1]
[tree_learner: serial]
[device_type: cpu]
[data_sample_strategy: bagging]
[data: ]
[valid: ]
[num_iterations: 31]
[learning_rate: 0.1]
[num_leaves: 31]
[num_threads: 0]
[seed: 0]
[deterministic: 0]
[force_col_wise: 0]
[force_row_wise: 0]
[histogram_pool_size: -1]
[max_depth: -1]
[min_data_in_leaf: 20]
[min_sum_hessian_in_leaf: 0.001]
[bagging_fraction: 0.8]
[pos_bagging_fraction: 1]
[neg_bagging_fraction: 1]
[bagging_freq: 5]
[bagging_seed: 3]
[feature_fraction: 0.8]
[feature_fraction_bynode: 1]
[feature_fraction_seed: 2]
[extra_trees: 0]
[extra_seed: 6]
[early_stopping_round: 0]
[early_stopping_min_delta: 0]
[first_metric_only: 0]
[max_delta_step: 0]
[lambda_l1: 0]
[lambda_l2: 0]
[linear_lambda: 0]
[min_gain_to_split: 0]
[drop_rate: 0.1]
[max_drop: 50]
[skip_drop: 0.5]
[xgboost_dart_mode: 0]
[uniform_drop: 0]
[drop_seed: 4]
[top_rate: 0.2]
[other_rate: 0.1]
[min_data_per_group: 100]
[max_cat_threshold: 32]
[cat_l2: 10]
[cat_smooth: 10]
[max_cat_to_onehot: 4]
[top_k: 20]
[monotone_constraints: ]
[monotone_constraints_method: basic]
[monotone_penalty: 0]
[feature_contri: ]
[forcedsplits_filename: ]
[refit_decay_rate: 0.9]
[cegb_tradeoff: 1]
[cegb_penalty_split: 0]
[cegb_penalty_feature_lazy: ]
[cegb_penalty_feature_coupled: ]
[path_smooth: 0]
[interaction_constraints: ]
[verbosity: -1]
[saved_feature_importance_type: 0]
[use_quantized_grad: 0]
[num_grad_quant_bins: 4]
[quant_train_renew_leaf: 0]
[stochastic_rounding: 1]
[linear_tree: 0]
[max_bin: 255]
[max_bin_by_feature: ]
[min_data_in_bin: 3]
[bin_construct_sample_cnt: 200000]
[data_random_seed: 1]
[is_enable_sparse: 1]
[enable_bundle: 1]
[use_missing: 1]
[zero_as_missing: 0]
[feature_pre_filter: 1]
[pre_partition: 0]
[two_round: 0]
[header: 0]
[label_column: ]
[weight_column: ]
[group_column: ]
[ignore_column: ]
[categorical_feature: ]
[forcedbins_filename: ]
[precise_float_parser: 0]
[parser_config_file: ]
[objective_seed: 5]
[num_class: 1]
[is_unbalance: 0]
[scale_pos_weight: 1]
[sigmoid: 1]
[boost_from_average: 1]
[reg_sqrt: 0]
[alpha: 0.9]
[fair_c: 1]
[poisson_max_delta_step: 0.7]
[tweedie_variance_power: 1.5]
[lambdarank_truncation_level: 30]
[lambdarank_norm: 1]
[label_gain: ]
[lambdarank_position_bias_regularization: 0]
[eval_at: ]
[multi_error_top_k: 1]
[auc_mu_weights: ]
[num_machines: 1]
[local_listen_port: 12400]
[time_out: 120]
[machine_list_filename: ]
[machines: ]
[gpu_platform_id: -1]
[gpu_device_id: -1]
[gpu_use_dp: 0]
[num_gpu: 1]

end of parameters

pandas_categorical:[]
